86 359
86 379
406 459
86 165
188 415
86 243
277 327
374 464
86 165
188 238
277 319
86 288
307 374
86 223
238 305
307 366
86 230
237 393
406 482
86 219
222 282
285 385
426 469
86 165
188 357
86 165
188 246
277 449
86 392
406 459
86 437
86 309
344 389
406 467
86 369
374 427
86 258
276 432
86 380
406 456
86 214
222 269
277 356
374 478
86 188
190 380
406 478
86 298
307 366
86 165
188 289
307 367
374 459
86 188
190 305
307 429
86 165
188 406
86 165
188 297
307 429
86 165
188 438
86 188
190 299
86 298
307 367
374 449
86 188
190 324
374 471
86 165
188 391
86 165
188 356
374 477
86 246
277 385
86 358
374 429
86 165
86 225
238 290
292 344
86 165
188 238
276 434
436 486
86 392
86 165
188 269
277 342
86 374
406 485
86 358
374 434
86 307
374 477
86 293
86 227
237 359
86 235
238 288
307 359
374 425
86 165
189 304
307 460
86 165
188 315
374 424
86 236
238 364
86 165
188 486
86 456
86 209
222 274
276 443
86 246
277 346
374 479
86 165
86 188
190 243
277 425
436 486
86 165
190 298
307 361
374 433
86 429
88 454
86 248
276 466
88 305
307 416
86 305
307 378
406 477
86 349
374 429
86 319
374 463
86 209
222 282
285 486
86 299
307 359
374 441
86 165
188 428
86 165
188 342
349 399
406 475
86 359
374 475
86 225
238 288
307 369
86 305
307 378
406 456
86 225
238 288
86 307
86 165
188 309
86 305
307 436
86 318
86 165
188 298
307 374
86 188
190 299
307 364
374 425
86 165
188 329
374 452
86 267
276 385
406 472
86 406
86 234
238 477
86 305
307 374
436 479
86 188
190 409
436 479
86 165
188 249
277 479
86 287
307 398
86 238
277 418
86 429
86 316
86 165
188 259
277 361
374 477
86 165
188 274
277 327
374 448
86 188
190 339
86 165
188 307
374 425
86 188
190 319
86 272
285 355
377 429
88 305
307 427
86 165
188 279
285 454
86 285
307 374
406 449
86 165
188 407
86 165
188 307
86 307
86 477
86 165
188 298
86 165
188 386
406 479
86 214
222 269
276 379
406 477
86 298
307 359
374 425
86 345
86 165
190 398
406 477
86 259
86 165
188 271
277 342
374 449
86 239
86 312
86 225
86 165
190 479
86 289
307 357
374 424
86 258
276 414
86 274
276 399
86 297
307 369
374 424
86 188
190 406
436 486
86 229
238 323
374 436
86 455
86 385
406 464
86 394
406 479
86 188
190 257
277 327
86 233
239 291
307 374
406 458
86 305
307 418
86 312
374 425
86 165
188 317
86 288
307 375
86 299
307 375
86 316
374 444
86 374
86 293
86 298
307 359
374 424
86 188
190 249
276 419
86 326
86 165
188 356
86 165
188 374
86 378
86 368
86 312
374 431
86 165
188 374
86 165
188 380
406 456
86 165
188 399
86 224
238 305
374 439
86 258
277 327
86 165
188 254
277 336
86 188
190 309
86 249
276 399
86 165
188 416
86 317
374 424
86 165
189 298
307 357
86 165
188 265
276 458
86 165
188 379
86 165
188 349
86 258
277 479
86 239
86 258
277 327
86 165
188 377
86 245
277 327
374 446
86 165
188 289
307 380
86 392
406 456
86 224
238 289
307 389
406 449
86 380
406 479
86 477
86 165
188 238
277 368
86 359
374 465
86 188
190 339
374 449
86 188
190 299
86 247
276 423
436 486
86 358
374 448
86 224
238 288
307 374
86 253
277 386
86 297
307 459
86 266
277 346
374 426
86 188
190 258
277 378
406 477
86 165
188 374
406 477
86 188
190 338
86 434
86 165
188 259
277 424
86 375
436 487
86 258
277 334
374 477
86 165
188 269
86 165
188 305
307 357
86 307
86 209
222 269
276 477
86 399
86 412
86 165
188 313
374 447
86 165
188 269
277 402
86 218
222 449
86 165
86 165
188 368
374 419
86 188
190 309
86 289
86 165
188 327
86 380
86 165
86 165
188 394
86 165
188 313
374 430
86 483
86 415
86 165
188 469
86 165
190 479
86 298
307 357
86 297
307 380
406 487
86 165
188 323
406 485
86 319
86 165
188 456
86 165
188 303
307 359
86 298
307 368
374 471
86 219
222 277
285 329
375 429
86 188
190 245
277 327
86 165
188 399
86 409
436 486
86 165
190 366
374 467
86 165
188 349
406 480
86 188
190 305
307 394
406 478
86 288
307 398
406 487
86 165
188 359
406 487
86 188
190 364
86 165
188 357
86 165
86 165
188 375
406 484
86 188
190 308
86 188
190 308
86 165
188 305
307 374
406 465
86 298
307 459
86 423
86 258
86 165
188 406
86 258
276 477
86 165
86 214
222 379
406 468
86 342
86 423
86 239
276 379
406 449
86 165
190 305
307 409
86 418
436 486
86 319
374 428
86 376
406 463
86 165
188 258
86 165
190 303
307 400
406 466
86 165
190 298
307 366
374 430
86 188
190 270
276 379
406 458
86 165
86 357
86 215
222 279
285 339
349 399
406 477
86 294
307 357
374 431
86 347
86 238
277 423
86 316
86 224
238 333
86 188
190 339
86 188
190 256
277 345
374 432
86 165
188 238
277 327
86 188
190 305
307 380
406 465
86 165
190 296
307 369
86 165
188 375
436 486
86 456
86 165
188 258
86 165
188 349
374 426
436 486
86 165
188 345
374 449
86 310
406 476
86 259
277 327
374 426
86 165
188 305
307 359
374 443
86 403
406 466
86 354
86 298
307 364
86 188
190 369
374 424
436 486
86 269
277 327
334 384
406 459
86 374
406 449
86 398
436 479
86 165
188 391
86 165
86 165
188 386
86 165
188 412
86 302
307 374
86 188
190 374
86 388
86 235
238 364
374 462
86 409
86 298
86 267
277 334
374 424
86 188
190 358
86 188
190 364
406 465
86 256
277 327
86 165
86 165
188 298
307 357
374 441
86 188
190 401
406 449
86 225
238 298
307 358
374 455
86 449
86 298
374 424
436 486
86 305
307 357
374 419
86 236
238 294
307 357
374 419
86 165
188 396
86 214
222 288
307 364
86 165
188 299
307 357
86 329
374 419
86 165
188 380
86 477
86 209
222 287
86 165
188 353
374 439
86 165
188 297
307 385
86 188
195 300
307 389
86 188
190 299
307 366
406 479
86 309
349 399
406 463
86 188
190 298
307 423
436 486
86 165
190 399
86 188
190 239
86 165
188 374
406 456
86 165
188 478
86 165
188 289
307 376
86 165
188 426
86 258
264 309
86 459
86 305
307 377
406 476
86 331
86 165
188 380
86 165
188 321
374 428
86 362
374 419
86 165
190 469
86 188
190 258
276 349
374 429
86 358
86 298
307 379
406 477
86 374
406 477
86 165
190 249
277 360
86 214
222 394
406 456
86 312
86 324
374 437
86 165
188 409
86 349
86 298
307 363
86 305
86 165
188 254
86 343
86 188
190 389
436 479
86 266
276 429
86 401
406 480
86 165
189 298
307 399
86 165
190 385
86 270
276 471
86 188
190 346
86 309
374 419
86 453
86 298
307 368
86 274
374 424
86 303
86 165
188 307
86 307
374 439
86 297
307 357
374 419
86 217
222 289
307 380
86 165
188 321
374 448
86 188
190 318
86 188
190 258
277 327
86 224
238 320
327 398
406 469
86 188
190 359
374 439
86 225
231 309
86 188
190 480
86 282
285 367
374 450
86 258
277 364
374 419
86 165
188 449
86 165
188 229
238 288
307 440
88 188
190 408
86 341
374 440
86 258
276 408
86 301
307 374
406 484
86 165
189 305
307 385
406 477
86 188
190 247
277 344
374 454
86 165
188 358
374 431
86 188
190 296
307 369
406 480
86 188
190 375
406 459
86 165
188 378
406 457
86 165
188 349
86 165
188 324
374 419
86 165
188 449
86 165
188 326
86 165
188 449
86 165
188 298
307 380
406 464
86 312
374 451
86 307
374 459
86 415
436 486
86 255
276 380
86 188
190 455
86 165
188 412
86 165
188 326
336 379
406 467
86 165
188 469
86 424
436 479
86 357
86 188
190 303
307 359
406 484
86 165
188 259
276 379
436 486
88 188
190 408
436 487
86 165
188 266
276 438
86 165
190 269
276 403
406 465
86 188
190 369
374 425
86 279
285 347
86 165
86 165
188 409
436 487
86 165
188 258
277 356
86 165
188 289
307 403
86 258
277 405
86 229
238 289
307 436
86 469
86 165
86 165
188 458
86 165
188 249
276 383
406 449
86 406
86 305
307 379
86 165
188 238
277 333
86 165
188 374
86 165
188 238
277 354
86 298
307 374
406 478
86 165
188 238
276 439
86 165
190 389
406 467
86 359
374 449
86 165
188 259
277 327
86 165
188 385
406 458
86 427
86 165
86 324
86 165
188 258
277 327
374 436
86 188
190 477
86 326
374 449
86 269
276 419
86 165
188 298
307 374
86 368
406 458
86 188
190 304
307 373
86 258
276 424
436 486
86 307
86 258
276 379
86 165
188 354
86 226
238 437
86 165
86 165
188 258
86 270
285 354
374 448
86 406
86 188
190 380
406 458
86 165
86 188
190 298
307 363
86 188
190 369
86 254
277 327
86 165
188 349
375 477
86 367
374 427
86 314
86 335
86 271
86 304
307 357
374 433
86 316
345 389
406 485
86 349
374 432
86 188
190 337
86 222
238 298
307 369
374 444
86 165
188 258
277 386
86 409
86 385
409 459
86 249
276 380
406 468
86 324
374 419
86 258
276 388
406 468
86 348
86 165
188 309
406 483
86 228
238 298
307 470
86 188
190 329
86 165
188 449
86 165
190 298
307 394
406 477
86 288
307 357
374 428
436 487
86 216
222 299
307 372
374 443
88 436
86 249
277 346
86 165
188 327
374 426
86 188
190 299
307 372
86 235
238 292
307 434
436 486
86 165
188 298
374 444
86 165
188 238
276 379
436 486
86 165
86 165
188 258
276 399
86 308
86 268
277 327
374 433
86 258
277 419
86 209
222 269
277 327
86 258
277 423
86 165
188 396
86 282
307 357
86 165
190 305
307 409
86 165
188 475
86 188
190 380
436 486
86 218
86 256
277 397
86 188
190 368
436 486
86 243
277 327
86 256
276 389
86 218
222 274
276 389
86 188
190 358
374 448
88 477
86 188
190 370
374 429
86 188
190 299
86 165
188 315
86 459
86 165
86 188
190 261
277 389
86 225
238 292
307 380
86 239
277 369
86 215
222 279
285 366
406 486
86 369
374 437
86 369
86 239
86 299
307 369
374 459
86 349
86 165
188 431
86 324
86 397
406 449
86 307
86 318
374 429
86 165
188 379
406 465
86 165
188 379
406 466
86 188
190 288
307 374
86 216
222 323
86 165
188 339
361 409
86 446
86 429
86 341
86 188
86 375
86 165
86 346
374 445
86 298
86 305
307 365
86 369
374 452
86 258
277 438
86 406
436 479
86 309
86 215
238 451
86 249
86 188
190 444
86 299
307 385
406 472
86 304
307 357
374 429
436 486
86 258
276 379
406 459
86 165
188 358
374 478
86 258
277 380
86 188
190 240
277 327
86 165
188 310
374 419
86 165
188 389
406 449
86 214
222 348
374 457
86 165
188 369
86 409
86 294
307 359
374 487
86 299
307 361
374 429
86 249
277 327
374 439
86 403
86 165
188 313
374 449
86 380
406 457
86 374
406 463
86 389
436 486
86 165
188 391
406 482
86 188
190 385
406 464
86 269
277 327
374 424
86 258
277 380
86 165
188 352
406 459
86 165
195 298
307 394
406 475
86 245
86 273
285 356
86 468
86 258
276 388
406 470
88 476
86 165
188 248
277 480
86 165
188 379
86 165
188 374
406 459
86 165
190 369
86 393
436 486
86 289
307 357
86 165
188 402
406 456
86 245
277 327
374 454
86 165
189 327
374 425
86 188
190 321
86 259
276 426
86 165
189 270
285 335
406 486
86 229
238 327
361 409
436 479
86 188
190 334
374 429
86 321
374 449
86 244
277 478
86 359
86 165
86 165
86 165
188 480
86 165
188 374
406 477
86 209
222 275
277 327
374 477
86 269
277 343
86 233
86 165
188 419
86 374
86 338
86 406
86 165
188 354
86 379
406 456
86 303
86 318
336 389
406 479
86 165
188 309
86 165
188 366
374 429
86 165
188 256
277 389
86 298
307 386
86 165
188 303
307 349
374 429
86 165
188 429
86 165
188 445
86 227
238 304
307 374
436 486
86 165
86 346
86 259
276 379
406 459
86 165
188 359
374 449
86 165
86 446
86 188
190 239
277 409
86 165
86 165
188 303
307 369
375 457
86 231
238 298
307 357
374 467
86 188
190 357
86 298
307 365
374 439
86 188
190 324
86 165
188 259
277 327
86 165
188 476
86 165
188 398
406 479
86 165
188 437
86 188
190 355
86 258
276 392
406 472
86 265
277 444
86 165
86 319
86 336
86 294
307 380
86 214
222 269
285 344
86 165
188 258
276 378
406 485
86 165
188 299
307 374
86 165
188 318
374 419
86 165
190 468
86 165
188 307
374 477
86 165
188 246
86 165
188 380
406 469
86 165
86 165
86 165
188 346
86 238
277 348
86 229
237 475
86 219
222 477
86 165
190 264
276 419
86 319
374 441
86 188
190 339
374 424
86 165
188 461
86 165
188 238
277 437
86 258
277 345
86 319
86 188
190 289
307 357
86 336
374 424
86 188
190 409
86 165
188 394
86 165
188 304
307 389
86 477
86 165
188 238
277 449
86 305
307 424
86 258
277 336
374 446
86 298
307 374
86 165
188 305
86 165
188 359
374 468
86 165
188 307
86 165
189 298
307 386
406 458
86 262
86 287
307 379
86 305
307 386
436 486
86 165
188 429
86 307
374 433
86 249
86 165
188 239
277 327
86 299
307 357
86 258
86 165
192 293
307 426
86 165
188 374
406 459
86 165
188 246
277 327
86 165
188 374
406 469
86 188
190 299
307 363
86 279
285 389
406 464
86 249
276 479
86 165
188 239
277 404
86 464
86 380
406 460
86 188
190 355
374 419
86 165
188 425
86 188
190 329
374 424
86 304
307 398
406 458
86 349
374 428
86 165
188 279
285 339
86 229
238 305
307 392
86 223
238 305
374 434
86 165
188 339
86 165
188 482
86 365
374 455
86 340
374 424
86 165
190 389
86 165
188 316
327 369
374 484
86 249
277 378
406 480
86 258
277 346
86 351
86 298
307 389
406 479
86 457
86 379
86 369
374 436
86 258
277 386
406 467
86 188
190 239
277 464
86 354
86 214
222 458
86 165
188 393
436 487
86 165
188 238
277 380
86 239
277 327
86 258
276 334
374 454
86 217
223 304
307 393
406 456
86 428
86 165
188 258
86 165
188 385
86 165
188 354
86 218
222 369
374 470
86 264
277 348
374 439
86 165
188 319
86 307
374 429
86 165
188 244
285 369
86 165
188 288
307 358
86 344
86 229
238 288
307 375
406 459
86 165
188 357
374 448
86 413
86 188
190 329
374 424
436 479
86 377
406 449
86 404
86 356
374 457
86 308
86 424
86 415
86 274
277 354
374 427
86 165
188 265
277 386
86 165
188 383
406 467
86 312
86 267
277 346
361 409
86 214
222 272
277 379
86 165
188 297
307 349
86 305
307 456
86 165
188 356
374 481
86 309
374 424
86 307
374 429
86 165
188 416
86 235
238 289
307 454
86 305
307 357
374 436
86 249
277 404
406 456
86 258
86 452
86 425
86 257
277 399
406 459
86 165
188 318
349 399
86 341
374 437
86 165
188 363
374 477
86 258
276 456
86 165
188 269
277 450
86 327
86 165
188 279
285 336
374 457
86 165
188 320
374 476
86 165
188 344
86 238
276 408
86 188
190 305
307 357
374 424
86 165
190 254
276 380
406 479
86 355
374 427
86 433
86 282
285 329
86 297
307 372
374 424
86 165
188 258
276 419
86 299
307 359
374 469
86 299
307 363
86 165
188 316
86 222
238 313
349 399
406 459
86 299
307 375
381 429
86 165
188 457
86 328
374 438
86 165
188 293
307 358
374 477
86 423
86 188
190 378
86 234
238 416
86 165
188 424
436 486
88 188
190 258
285 477
86 165
188 356
86 165
188 238
277 357
374 475
86 165
188 316
86 369
374 433
436 486
86 257
277 336
374 466
86 165
188 246
86 486
86 239
276 384
86 421
436 486
86 165
188 389
406 456
86 406
436 479
86 165
188 439
86 165
188 449
86 165
188 305
307 357
374 419
436 486
86 298
307 359
406 486
86 375
86 165
190 367
86 165
189 258
276 389
406 459
86 188
190 269
277 327
374 426
86 165
86 295
307 401
407 457
86 165
188 245
276 389
406 457
86 269
277 327
374 430
436 487
86 165
188 329
86 258
277 403
406 456
86 165
188 463
86 165
188 253
258 299
307 399
406 466
86 319
86 320
374 480
86 298
307 403
406 464
86 165
188 419
86 165
188 267
277 379
406 456
86 165
188 309
374 466
86 188
190 424
86 249
277 379
406 469
86 165
188 238
86 229
237 434
86 259
276 389
406 456
86 264
277 327
374 428
86 165
188 253
276 394
436 486
86 233
238 289
307 445
86 165
188 416
86 266
277 449
86 399
86 165
188 286
291 339
86 165
188 303
307 484
86 305
307 380
86 165
188 245
267 318
86 419
86 443
86 188
190 258
276 389
406 459
86 251
277 428
86 165
188 305
307 357
86 225
237 447
86 429
86 165
188 298
307 469
86 258
86 165
188 288
307 469
86 305
307 363
374 424
436 486
86 417
436 486
86 165
188 316
345 389
86 225
237 437
86 165
188 249
86 165
188 330
346 416
436 479
86 256
276 387
406 458
86 188
190 374
406 456
86 258
276 426
86 214
222 269
277 327
86 322
86 209
222 280
285 439
86 165
188 476
86 165
188 379
86 245
276 382
86 267
277 327
86 408
86 165
188 379
436 479
86 258
277 355
86 298
307 359
86 188
190 267
276 468
86 223
86 188
190 298
307 359
86 165
188 298
307 372
374 433
436 486
86 372
86 165
188 258
86 165
188 229
238 279
285 380
406 456
86 165
188 449
86 165
188 455
86 233
238 349
374 446
86 188
190 424
86 165
188 388
406 479
86 165
188 367
374 419
88 476
86 165
188 251
277 355
86 258
277 419
86 258
86 188
190 456
86 289
307 400
86 165
188 308
86 165
188 377
406 465
86 165
86 305
307 359
374 424
86 165
188 244
86 258
277 319
86 389
86 300
86 415
86 188
190 308
86 285
307 449
86 406
436 479
86 165
190 336
374 487
86 299
307 424
86 362
86 329
86 165
188 439
86 298
307 368
374 426
86 165
188 299
307 380
406 469
86 298
307 406
86 309
86 411
86 363
86 319
374 450
86 165
188 437
86 245
277 334
374 424
86 165
188 243
276 487
86 165
188 297
307 386
86 307
374 444
86 219
222 274
277 327
86 188
190 298
86 165
188 374
86 320
374 477
86 319
374 466
86 245
276 457
86 436
86 249
276 485
86 369
374 424
86 165
188 266
277 448
86 214
222 289
307 380
406 469
86 375
406 456
86 165
188 423
436 487
86 294
307 357
374 419
86 165
188 249
276 394
86 165
188 308
86 214
222 297
307 374
406 456
86 165
188 319
374 454
86 165
188 454
86 165
188 348
374 479
86 233
238 317
374 424
86 165
86 248
276 419
86 165
188 315
374 428
86 229
238 298
307 372
86 165
188 363
86 246
277 327
349 399
406 459
86 287
307 386
86 165
188 327
86 305
307 409
86 225
238 289
307 372
374 434
86 334
86 165
188 397
86 225
237 399
86 305
307 360
374 419
86 258
276 454
86 165
188 258
277 389
406 477
86 258
277 327
86 165
188 238
86 165
188 452
86 279
285 407
86 258
277 327
374 439
86 269
277 419
86 347
374 428
86 339
86 358
374 466
86 253
276 477
86 225
238 344
374 419
86 188
190 417
436 479
86 165
188 348
374 465
86 479
86 358
374 419
436 487
86 247
277 404
86 249
276 420
436 479
86 214
222 340
86 188
190 288
307 357
86 289
307 349
86 391
406 456
86 299
307 388
436 486
86 228
238 327
374 444
88 165
188 369
374 438
86 165
188 436
86 188
190 364
374 468
86 188
190 258
276 409
86 214
222 280
285 346
86 258
277 429
86 314
374 428
86 394
436 486
86 165
188 358
374 480
86 415
86 249
277 346
86 165
188 337
374 443
86 305
307 406
86 165
86 165
188 238
277 449
86 165
190 402
406 469
86 319
86 188
190 305
307 363
406 456
86 188
190 379
406 479
86 165
188 339
86 165
188 307
374 426
86 188
190 392
86 298
307 418
86 233
237 343
374 438
86 165
190 301
307 363
374 419
86 269
277 327
86 165
188 455
86 248
86 165
188 249
277 389
406 480
86 258
86 165
188 301
86 289
307 358
86 289
307 374
406 482
86 165
188 317
86 258
277 348
374 454
86 269
276 392
406 477
86 258
276 449
86 435
86 258
276 379
406 459
86 165
190 368
86 305
307 477
86 305
307 477
86 258
276 379
406 460
86 376
406 459
86 376
86 234
238 289
307 359
374 464
86 271
86 239
276 380
86 449
86 165
188 258
276 399
406 468
86 229
238 289
307 380
86 165
188 307
86 165
188 305
307 374
86 188
190 303
307 377
86 165
188 426
86 256
276 408
86 165
188 238
277 327
374 424
86 165
188 307
86 374
86 165
188 369
86 305
307 372
374 486
86 244
277 319
374 477
86 452
86 376
406 458
86 249
277 483
86 369
86 165
188 380
86 188
190 325
86 287
307 397
86 227
238 297
307 364
374 419
86 225
237 448
86 249
277 346
374 475
86 239
276 476
86 165
188 298
307 374
436 486
86 165
188 238
277 335
374 486
86 188
190 239
276 405
86 165
188 239
277 327
374 462
86 270
277 343
374 419
86 165
188 423
86 165
188 359
374 478
86 188
190 349
374 469
86 165
188 374
406 483
86 188
190 377
406 483
86 188
190 386
406 487
86 406
436 486
86 165
188 467
86 165
86 406
86 409
436 486
86 266
277 346
374 424
86 229
237 362
86 165
188 345
374 434
86 165
188 383
86 258
276 406
86 301
307 357
374 479
86 319
86 165
188 304
307 357
86 298
307 368
86 216
222 277
86 165
188 229
86 256
276 379
406 487
86 165
188 407
86 165
188 372
374 433
86 370
406 459
86 299
307 363
374 438
86 188
190 328
349 399
86 228
238 297
307 406
436 486
86 165
189 377
86 414
436 487
86 376
86 165
188 307
374 469
86 305
307 459
86 188
190 366
86 315
86 188
190 268
277 455
86 229
238 298
307 384
406 472
86 188
190 359
374 424
86 165
188 439
86 165
188 487
86 454
86 419
436 486
86 165
188 374
436 486
86 165
86 362
86 238
276 414
86 165
188 307
374 484
86 215
222 356
374 477
86 269
276 449
86 265
276 380
86 249
277 327
86 372
86 165
188 396
406 470
86 396
406 456
86 298
307 415
86 299
307 380
86 165
188 239
277 368
374 429
86 165
188 416
436 486
86 188
190 318
374 478
86 188
190 269
277 327
86 305
307 423
436 487
86 380
86 188
190 305
307 376
406 458
86 165
188 238
277 327
374 428
86 287
307 410
86 165
188 359
86 259
276 397
436 487
86 165
188 312
406 485
86 419
86 258
277 336
374 455
86 389
406 457
86 188
190 239
276 466
86 165
188 477
86 298
307 392
88 188
86 389
436 486
86 323
86 165
188 238
277 349
374 424
86 165
86 188
190 344
374 441
86 335
86 214
222 379
406 479
86 259
276 385
406 462
86 305
311 364
374 432
86 289
307 380
406 456
86 243
277 327
86 165
188 362
374 429
86 298
307 369
86 258
276 459
86 165
188 361
374 424
86 165
188 439
86 188
190 363
374 484
86 258
277 349
374 478
86 259
277 335
374 483
86 216
222 419
86 165
188 299
307 407
436 486
86 408
86 458
86 275
277 356
374 439
86 188
190 356
86 218
222 298
307 360
374 424
430 479
86 374
406 478
86 188
190 454
86 299
307 349
374 428
436 486
86 286
307 374
406 477
86 165
188 239
277 335
374 424
86 309
86 308
86 165
188 393
86 437
86 165
188 469
86 349
374 424
86 165
188 478
86 215
222 273
277 331
374 459
86 258
276 378
86 314
86 268
277 327
86 188
190 370
86 374
86 305
307 380
406 475
86 165
188 249
277 394
406 481
86 165
86 224
238 456
86 165
188 238
277 327
374 419
86 165
188 247
276 389
86 333
374 419
86 165
188 298
307 360
86 299
307 359
374 429
86 188
190 303
86 188
190 428
86 287
307 358
374 434
86 359
374 439
86 239
277 346
86 165
188 374
406 457
86 165
188 477
86 367
86 249
277 327
86 301
307 357
374 424
86 379
406 456
86 258
276 476
86 268
277 381
406 478
86 369
86 165
188 404
436 486
86 165
86 380
406 457
86 229
238 319
86 188
190 269
277 370
86 265
277 403
406 477
86 264
277 394
86 235
237 486
86 305
307 395
86 209
222 384
86 188
190 307
86 467
86 165
188 401
86 298
374 464
86 319
374 441
86 165
188 472
86 165
188 380
436 486
86 290
307 364
374 433
86 165
188 425
86 224
238 305
307 379
406 449
86 219
222 359
86 188
190 265
285 335
374 426
86 165
188 359
86 165
188 377
86 165
189 319
86 165
190 267
277 327
374 419
86 165
188 302
307 447
86 188
190 359
374 434
86 269
277 386
406 469
86 165
188 449
86 305
307 393
406 459
86 406
86 165
188 238
277 471
86 304
307 366
86 459
86 188
190 279
285 370
86 165
188 269
276 418
86 352
374 427
86 273
277 457
86 329
335 379
436 486
86 165
188 299
307 374
406 472
86 327
374 448
86 165
188 406
436 486
86 344
86 165
188 401
406 469
86 299
307 398
406 483
86 303
86 297
307 359
374 419
86 188
192 370
376 459
86 188
190 256
276 389
86 299
307 386
86 165
188 479
86 214
222 279
285 335
86 188
190 300
374 438
86 188
190 483
86 165
188 303
307 363
86 317
86 265
277 377
406 464
86 165
188 307
86 258
277 327
374 476
86 209
222 328
86 305
307 357
374 424
86 293
307 364
86 426
86 165
86 165
188 305
307 359
374 477
86 266
276 429
86 165
189 356
86 359
374 427
436 487
86 426
86 165
188 359
86 277
285 335
86 264
277 386
406 467
86 238
276 438
86 305
307 366
374 449
86 239
276 433
86 300
374 419
86 279
285 341
343 389
86 165
188 316
86 251
277 336
374 463
86 165
188 409
86 188
190 422
86 188
190 289
307 408
86 165
188 477
86 165
188 346
374 429
86 165
188 305
307 357
374 424
86 235
237 463
86 288
307 368
374 419
86 258
277 359
374 419
86 419
86 307
374 424
86 165
188 258
276 381
406 468
86 314
374 477
86 305
311 385
406 464
86 165
86 165
188 333
86 363
406 456
86 165
188 336
374 425
86 266
277 345
86 165
188 393
436 487
86 165
188 335
86 165
188 469
86 165
188 377
406 476
86 436
86 282
285 411
436 479
86 389
86 188
190 289
307 397
88 305
307 406
86 218
222 359
86 317
86 165
188 319
86 364
86 267
277 355
374 478
86 165
188 416
86 188
190 475
86 343
86 294
307 358
374 434
436 486
86 252
277 419
86 165
86 165
190 298
307 359
374 431
86 188
190 377
86 482
86 165
188 264
277 327
86 165
188 378
406 459
86 165
86 229
238 349
86 273
276 389
406 467
86 378
86 165
188 375
406 456
86 345
374 483
86 374
406 464
86 165
188 479
86 272
276 411
86 188
190 358
374 424
86 374
86 298
307 359
86 188
190 319
374 437
86 305
307 428
86 354
86 315
374 434
86 165
188 409
86 258
277 403
409 464
86 318
86 165
188 301
307 364
374 419
436 486
86 293
307 379
86 374
406 456
86 298
307 349
374 471
86 165
188 274
277 342
86 165
188 253
277 379
406 459
86 444
86 239
277 424
86 244
276 389
406 466
86 188
190 339
380 429
86 258
277 327
86 235
238 469
86 165
188 254
277 327
374 424
86 398
406 469
86 464
88 165
188 434
86 316
86 337
374 462
86 165
188 304
307 383
406 456
86 233
238 291
307 357
374 429
86 188
190 418
86 165
188 419
86 209
222 359
86 165
188 359
374 485
86 234
238 372
374 446
86 165
188 469
86 165
188 366
374 429
86 165
188 374
406 456
86 165
188 366
86 467
86 367
86 329
374 469
86 165
188 374
86 398
406 469
86 165
188 258
276 467
86 165
188 254
276 479
86 165
188 304
307 407
86 188
190 352
86 406
86 165
188 314
86 278
307 433
86 165
188 329
86 398
86 359
406 477
86 165
188 407
86 188
190 356
374 424
436 487
86 285
86 165
190 258
276 435
86 165
188 372
374 459
86 165
188 264
86 165
188 402
86 165
188 328
86 165
188 389
86 165
86 219
222 298
307 366
374 425
436 487
86 188
190 369
374 424
88 165
188 423
86 372
374 439
86 165
188 267
276 428
436 486
86 484
86 188
190 385
406 456
86 305
307 484
86 224
237 389
86 188
190 328
86 298
307 358
86 258
277 327
86 188
190 419
86 358
86 254
277 366
374 424
86 165
188 245
86 165
188 258
277 449
86 342
374 477
86 165
188 433
86 165
188 266
86 188
190 375
406 456
86 165
188 251
277 354
374 419
86 165
188 322
86 165
188 462
86 188
190 239
277 413
86 458
86 298
307 393
406 464
86 228
238 288
307 358
380 429
86 298
307 395
406 477
86 165
86 217
222 274
277 327
86 380
86 165
188 409
86 165
188 341
374 479
86 165
188 438
86 219
222 374
406 456
86 165
188 408
86 398
86 165
188 477
86 165
188 317
86 251
276 380
406 469
86 165
188 380
406 449
86 188
190 385
406 466
86 439
86 305
307 429
86 165
188 456
86 273
277 333
86 264
276 439
86 214
238 298
307 357
86 165
188 307
361 409
86 165
86 258
277 451
86 165
188 470
86 165
188 265
86 165
188 305
86 229
238 288
307 367
86 165
86 214
222 269
276 404
406 462
86 380
406 469
86 219
222 275
277 338
86 441
86 443
86 214
222 339
86 334
86 305
307 357
86 165
188 374
86 165
188 380
86 214
222 307
374 424
86 165
188 412
86 249
277 389
86 165
188 288
86 259
277 356
86 165
188 308
374 424
86 229
238 298
307 385
406 465
86 188
190 358
86 279
285 389
406 479
86 165
188 248
86 283
285 336
374 424
86 165
188 428
86 400
86 165
188 239
277 342
86 165
188 286
307 417
86 258
277 327
374 486
86 188
190 239
277 354
374 434
436 486
86 305
307 443
86 239
277 327
374 459
86 165
188 348
374 434
86 253
277 469
86 188
190 305
307 357
86 188
190 425
86 305
86 258
276 457
86 307
86 165
192 418
86 165
188 456
